702 653
270 477
39 407
514 454
459 299
126 25
224 88
422 134
579 284
209 463
535 690
628 31
447 323
474 577
616 479
435 88
173 672
212 41
525 220
195 101
358 209
331 300
139 632
657 145
251 114
254 24
256 392
137 535
472 240
31 417
635 639
540 682
566 38
553 254
577 381
310 360
90 108
106 327
360 328
593 517
367 329
326 503
225 412
534 483
535 379
270 285
189 479
168 421
370 350
436 102
79 404
269 571
505 596
635 148
287 511
175 145
348 216
50 306
313 38
457 155
206 71
420 199
112 25
171 313
642 386
658 11
594 492
438 665
60 456
699 331
478 386
197 24
205 126
639 675
429 563
108 333
595 282
598 9
685 71
460 480
425 323
208 602
554 165
253 558
479 87
247 559
40 126
378 521
576 396
696 688
88 197
586 80
279 326
117 312
595 430
681 690
697 219
608 155
179 296
172 40
574 81
196 342
316 251
293 469
605 77
135 290
77 474
392 228
439 128
324 229
48 642
664 50
108 258
563 522
220 223
342 280
225 656
114 8
2 244
465 28
33 349
409 518
295 392
613 224
529 380
418 51
674 644
693 634
118 146
235 58
390 473
250 382
437 557
65 123
361 385
227 195
365 296
197 401
233 146
457 418
346 340
695 542
507 292
307 283
664 182
591 557
10 407
339 262
100 28
82 440
327 491
564 144
154 223
388 378
448 293
401 673
391 519
414 51
479 410
577 146
250 484
161 180
496 371
186 659
658 636
302 206
65 17
91 557
477 552
388 284
605 630
536 371
482 619
167 192
695 289
484 391
153 638
190 545
331 385
350 484
37 430
421 513
693 196
609 374
428 558
275 628
22 293
242 321
650 491
399 578
205 696
666 370
153 612
54 128
528 248
227 92
203 606
247 176
210 23
380 287
11 494
465 137
14 557
369 561
397 571
597 541
688 473
279 43
466 52
361 81
143 482
547 181
332 184
426 118
46 67
112 627
111 113
568 412
231 529
356 297
243 194
433 659
353 387
106 432
327 205
411 158
364 299
145 231
648 285
507 532
132 252
515 330
460 671
431 576
607 569
514 638
397 65
539 650
49 590
530 646
79 696
492 543
357 655
264 514
669 338
466 647
22 526
165 693
380 103
200 383
658 231
526 460
392 474
463 299
461 196
182 59
456 562
454 138
462 674
675 506
408 618
608 269
103 568
617 573
601 548
271 648
391 148
690 549
170 33
152 584
193 666
53 474
156 408
191 161
72 28
231 408
129 395
676 40
325 258
357 525
559 591
399 615
627 235
369 309
574 607
669 430
523 91
314 443
566 134
114 397
377 456
501 574
317 564
519 698
173 651
224 614
377 328
26 303
267 139
549 623
39 584
289 167
61 503
587 39
81 233
175 191
144 661
149 103
90 527
298 63
418 373
137 625
383 55
53 195
66 11
177 427
287 193
359 495
168 335
513 516
679 481
618 641
476 33
470 418
180 624
214 442
543 487
205 368
447 366
485 6
451 392
674 70
57 449
606 653
303 355
637 456
14 484
85 638
456 198
149 351
287 337
16 143
499 436
586 502
689 693
49 503
551 508
65 288
509 548
584 27
129 518
116 526
688 459
428 60
402 269
613 250
217 135
420 114
377 531
273 322
565 105
666 311
307 135
606 208
419 499
130 610
315 123
223 470
222 191
157 40
9 527
100 420
80 500
286 417
88 652
612 679
276 262
163 24
553 506
220 554
554 221
342 604
140 4
636 95
614 652
594 186
375 233
314 39
5 247
232 508
550 190
120 468
588 152
334 54
661 199
619 417
673 304
187 490
185 197
280 77
566 191
505 138
59 427
304 43
650 125
20 307
274 413
4 365
101 576
17 689
371 582
136 416
33 177
215 72
46 525
555 509
668 156
644 359
386 683
410 162
549 291
106 536
179 313
144 260
300 524
389 311
181 292
407 685
56 90
105 583
212 233
699 125
272 212
340 119
471 347
680 119
166 556
141 80
477 301
237 422
34 657
473 224
136 244
329 377
450 660
304 297
579 529
651 317
294 682
265 669
674 25
490 655
545 271
146 326
152 328
208 456
554 384
549 257
461 476
690 28
585 664
371 512
43 383
242 339
607 525
488 496
37 270
449 10
167 520
380 567
99 3
225 122
453 549
445 195
682 394
557 520
694 237
84 11
355 679
612 162
29 509
420 328
542 413
419 284
636 539
90 643
96 123
631 582
440 249
60 195
640 48
358 214
670 504
502 186
439 356
190 610
218 539
291 285
598 282
40 131
161 260
143 304
616 424
571 307
204 272
106 619
417 224
682 151
207 360
574 611
618 99
197 183
602 34
580 286
340 297
543 669
21 65
480 490
216 611
54 247
635 196
683 168
250 272
193 696
558 141
78 239
410 131
214 63
63 661
403 583
545 285
668 608
431 139
599 353
446 193
636 297
307 328
677 423
117 30
635 331
542 586
430 200
220 305
260 592
553 417
427 256
208 173
403 350
229 76
438 112
374 542
251 365
206 482
633 83
155 492
647 33
27 73
42 661
557 469
389 127
580 8
501 29
468 380
90 135
626 328
195 42
294 523
658 701
335 65
695 439
373 178
437 61
472 395
230 136
132 443
495 461
388 311
233 367
41 223
599 527
393 499
158 529
298 606
441 206
116 42
326 493
476 651
456 403
272 441
259 73
151 655
3 184
534 435
355 684
290 292
661 113
167 168
47 575
21 610
464 567
656 25
21 90
117 3
687 439
557 532
95 301
665 526
377 439
497 675
696 565
252 458
617 525
83 214
326 309
605 582
383 363
678 393
119 127
635 614
67 532
449 618
127 460
197 360
149 342
492 309
79 47
616 601
315 198
109 197
8 605
378 379
535 676
149 433
325 273
407 251
506 584
608 164
116 336
331 158
328 424
65 685
518 297
504 337
449 78
78 623
18 439
607 164
154 71
83 153
311 466
36 578
637 242
504 197
140 452
